0.2 0.1 0.8
24 0 1
24 1 1
24 2 1
24 3 1
24 4 1
24 5 1
24 6 1
24 7 1
24 8 1
24 9 1
24 10 1
24 11 1
24 12 1
24 13 1
24 14 1
24 15 1
24 16 1
24 17 1
24 18 1
24 19 1
24 20 1
24 21 1
24 22 1
24 23 1
24 24 1
24 25 1
24 26 1
24 27 1
24 28 1
24 29 1
24 30 1
24 31 1
24 32 1
24 33 1
24 34 1
24 35 1
24 36 1
24 37 1
24 38 1
24 39 1
24 40 1
24 41 1
24 42 1
24 43 1
24 44 1
24 45 1
24 46 1
24 47 1
24 48 1
24 49 1
25 0 1
25 1 1
25 2 1
25 3 1
25 4 1
25 5 1
25 6 1
25 7 1
25 8 1
25 9 1
25 10 1
25 11 1
25 12 1
25 13 1
25 14 1
25 15 1
25 16 1
25 17 1
25 18 1
25 19 1
25 20 1
25 21 1
25 22 1
25 23 1
25 24 1
25 25 1
25 26 1
25 27 1
25 28 1
25 29 1
25 30 1
25 31 1
25 32 1
25 33 1
25 34 1
25 35 1
25 36 1
25 37 1
25 38 1
25 39 1
25 40 1
25 41 1
25 42 1
25 43 1
25 44 1
25 45 1
25 46 1
25 47 1
25 48 1
25 49 1
26 0 1
26 1 1
26 2 1
26 3 1
26 4 1
26 5 1
26 6 1
26 7 1
26 8 1
26 9 1
26 10 1
26 11 1
26 12 1
26 13 1
26 14 1
26 15 1
26 16 1
26 17 1
26 18 1
26 19 1
26 20 1
26 21 1
26 22 1
26 23 1
26 24 1
26 25 1
26 26 1
26 27 1
26 28 1
26 29 1
26 30 1
26 31 1
26 32 1
26 33 1
26 34 1
26 35 1
26 36 1
26 37 1
26 38 1
26 39 1
26 40 1
26 41 1
26 42 1
26 43 1
26 44 1
26 45 1
26 46 1
26 47 1
26 48 1
26 49 1
26 0 2
26 1 2
26 2 2
26 3 2
26 4 2
26 5 2
26 6 2
26 7 2
26 8 2
26 9 2
26 10 2
26 11 2
26 12 2
26 13 2
26 14 2
26 15 2
26 16 2
26 17 2
26 18 2
26 19 2
26 20 2
26 21 2
26 22 2
26 23 2
26 24 2
26 25 2
26 26 2
26 27 2
26 28 2
26 29 2
26 30 2
26 31 2
26 32 2
26 33 2
26 34 2
26 35 2
26 36 2
26 37 2
26 38 2
26 39 2
26 40 2
26 41 2
26 42 2
26 43 2
26 44 2
26 45 2
26 46 2
26 47 2
26 48 2
26 49 2